Timepoint	Bioreactor	Case_control	Before_after	Methanobacteria	Actinobacteria	Coriobacteriia	Bacteroidia	Bacilli	Clostridia	Erysipelotrichi	Alphaproteobacteria	Betaproteobacteria	Deltaproteobacteria	Epsilonproteobacteria	Gammaproteobacteria	Verrucomicrobiae
0	B2	Control	Before 	0	0	0	0.245877157	0	0.124528207	0.001563538	0.421404682	0.027794709	0.299022801	0	0.333810888	0.585518102
12	B2	Control	Before 	0	0	0.265695067	0.1950367	0.013503086	0.172739168	0.188914514	0.193979933	0.09411191	0.071009772	0	0.032951289	0
24	B2	Control	Before 	0.064516129	0	0.162556054	0.138635569	0	0.117029842	0.365242544	0.160535117	0.074363038	0.101628664	0	0.024355301	0
36	B2	Control	Before 	0.903225806	0.127754888	0.205156951	0.084395157	0.145447531	0.102133763	0.283586757	0.068561873	0.144703157	0.133550489	0	0.051575931	0.058676654
48	B2	Control	After	0	0.178607969	0.239910314	0.073146706	0.249228395	0.093805043	0.132548958	0.033444816	0.243691332	0.075570033	0	0	0.051810237
60	B2	Control	After	0	0.338882283	0.049327354	0.008293349	0.40316358	0.09410699	0.020482352	0	0.198220163	0.026710098	0	0.045845272	0.039325843
72	B2	Control	After	0.032258065	0.35475486	0.07735426	0.005751327	0.188657407	0.100473051	0.006254153	0	0.144946971	0.018892508	0	0.173352436	0.014981273
0	B3	Case	Before 	0	0	0.23255814	0.014440433	0.332153081	0	0.102310755	0.000973497	0.233125355	0.555379747	0	0.048207475	0.650145773
12	B3	Case	Before 	0	0	0.162790698	0.346570397	0.146338707	0.027727764	0.046085276	0.352743672	0.134713556	0	0	0.086956522	0.041788144
24	B3	Case	Before 	0	0.083333333	0	0.131167268	0.126450203	0.033309327	0.05185495	0.300691382	0.191718661	0.14556962	0	0.195575896	0
24.5	B3	Case	Before 	0.053030303	0	0	0.303249097	0.141554919	0.059776737	0.069207247	0.255294632	0.145774248	0.155063291	0	0.245614035	0.146744412
36	B3	Case	Before 	0.318181818	0.35	0.23255814	0.097472924	0.113078198	0.223442564	0.168070621	0.039337227	0.135847986	0.068037975	0.032620922	0.178642258	0.07191448
48	B3	Case	After	0.257575758	0	0	0.080625752	0.075222239	0.079402233	0.181052389	0.029940001	0.076290414	0.015822785	0.063742032	0.12921434	0.040816327
60	B3	Case	After	0	0.188888889	0	0	0.034729546	0.353979114	0.180201362	0.011006477	0.082529779	0.026898734	0.176227972	0.070175439	0.016520894
72	B3	Case	After	0.371212121	0.377777778	0.372093023	0.026474128	0.030473105	0.222362261	0.201217401	0.010013112	0	0.033227848	0.727409074	0.045614035	0.032069971
0	B4	Case	Before 	0	0	0	0.248864034	0	0.195183936	0.001407184	0.122073579	0.072168719	0.273615635	0	0.338108883	0.24968789
12	B4	Case	Before 	0.101851852	0	0.628654971	0.209376689	0	0.062559394	0.204446631	0.31443299	0.167832168	0.10320902	0	0.08930298	0.103375527
24	B4	Case	Before 	0.04526749	0.174418605	0.204678363	0.138083228	0	0.046511317	0.387781604	0.134020619	0.17958042	0.18386817	0	0.211303507	0
24.5	B4	Case	Before 	0.137860082	0.279069767	0.026315789	0.156052963	0	0.072504116	0.236261682	0.175257732	0.234125874	0.198612316	0.011756062	0.297969588	0
36	B4	Case	Before 	0.170781893	0	0.081871345	0.065618807	0.045977011	0.160293389	0.077422528	0	0.10041958	0.060711188	0.180014695	0.153819109	0.042194093
48	B4	Case	After	0.184156379	0.313953488	0	0.040578274	0.390804598	0.211582991	0.05215937	0	0.090909091	0.026886383	0.072005878	0.099586886	0
60	B4	Case	After	0.146090535	0.23255814	0	0.020176545	0	0.183127434	0.024358091	0	0.032447552	0.045967042	0.317413666	0.065746682	0
72	B4	Case	After	0.21399177	0	0.058479532	0.017384255	0.563218391	0.159597393	0.016861781	0	0.029090909	0.016478751	0.418809699	0.061527643	0.010548523
0	B1	Control	Before 	0	0.000519233	0	0.345277593	0.041660238	0.078481873	0.010993019	1	0.062948508	0.866666667	0	0.137219731	0
10	B1	Control	Before 	0	0.000887023	0.088484848	0.199365922	0.127912359	0.055963943	0.213608419	0	0.085987662	0	0	0.143497758	0
18	B1	Control	Before 	0	0.003007226	0.197575758	0.179974932	0.110476778	0.065908319	0.180212566	0	0.102857862	0	0	0.172197309	0
24	B1	Control	Before 	0	0.003548094	0.151515152	0.118410381	0.070050918	0.075977893	0.233249974	0	0.114062697	0.04	0	0.102242152	0
34	B1	Control	Before 	0	0.069598892	0.218181818	0.04018285	0.05739855	0.141921983	0.075804939	0	0.045071132	0.026666667	0	0.10941704	0
42	B1	Control	Before 	0.379679144	0.077235948	0.20969697	0.050357591	0.055238389	0.099837241	0.103105137	0	0.091527131	0.050666667	0	0.186547085	0
48	B1	Control	After	0.572192513	0.044827139	0	0.0479245	0.080543126	0.08688809	0.121392102	0	0.112048344	0	0	0.106726457	0
58	B1	Control	After	0.048128342	0.324931851	0.103030303	0.0088476	0.128838142	0.028098228	0.030582474	0	0.11897268	0	0	0	0
66	B1	Control	After	0	0.207109169	0	0.00405515	0.063570437	0.106347588	0.010367823	0	0.107012464	0	0	0	0
72	B1	Control	After	0	0.135584786	0.031515152	0.00560348	0.090418145	0.12389333	0.008596436	0	0.089386882	0	0	0.042152466	0
84	B1	Control	After	0	0.132750638	0	0	0.173892918	0.136681512	0.012087111	0	0.070124638	0.016	0	0	0
0	B5	Control	Before 	0	0.036072144	0	0.250612702	0	0.138735831	0.004900245	0.288590604	0.044812096	0.704152249	0	0.384449244	0.778378378
10	B5	Control	Before 	0	0	0.234089247	0.206533156	0	0.079627465	0.288379419	0.067114094	0.134545853	0.055363322	0	0.123110151	0
24	B5	Control	Before 	0.172043011	0.236472946	0.203365033	0.155416287	0.048171276	0.058347712	0.264963248	0.22147651	0.127752821	0.064013841	0	0.142548596	0.151351351
34	B5	Control	Before 	0.0609319	0.146292585	0.190197513	0.154751068	0.68867083	0.067067401	0.180294015	0.104026846	0.244877835	0.058823529	0	0.082073434	0
48	B5	Control	After	0.408602151	0.148296593	0.207022677	0.140046215	0.076717217	0.077957737	0.211620581	0.275167785	0.275665608	0.077854671	0	0.136069114	0.07027027
58	B5	Control	After	0.311827957	0.206412826	0.16532553	0.069602969	0.12221231	0.281905716	0.026286314	0.043624161	0.096636354	0.020761246	0	0.060475162	0
72	B5	Control	After	0.046594982	0.226452906	0	0.023037602	0.064228368	0.296358138	0.023556178	0	0.075709434	0.019031142	0	0.071274298	0
0	B6	Control	Before 	0	0	0	0.215483604	0	0.25406947	0.016036256	0.476923077	0.052224371	0.305772231	0	0.360285375	0.49851925
12	B6	Control	Before 	0.205202312	0	0.242226368	0.195922375	0	0.164500767	0.229562489	0.221538462	0.112922538	0.120124805	0	0.102259215	0.066140178
24	B6	Control	Before 	0.12716763	0	0.337997512	0.189824026	0.010553471	0.161971642	0.231131253	0.230769231	0.105277701	0.156786271	0	0.084423306	0.034550839
36	B6	Control	Before 	0.343930636	0.00463756	0.237873134	0.155869661	0.268996248	0.124196196	0.171343908	0	0.230910933	0.127925117	0	0.057074911	0.10266535
48	B6	Control	After	0.176300578	0.315437644	0.083955224	0.117574098	0.291041276	0.081954422	0.132647725	0.070769231	0.168923275	0.163026521	0	0.096313912	0.111549852
60	B6	Control	After	0	0.500480468	0.05659204	0.078916768	0.270637899	0.057201281	0.152693045	0	0.189002487	0.081123245	0	0.18549346	0.138203356
72	B6	Control	After	0.147398844	0.179444328	0.041355721	0.046409468	0.158771107	0.156106223	0.066585323	0	0.140738694	0.04524181	0	0.114149822	0.048371175
